Accuracy : 0.826271186440678
Sensitivity : 0.9897959183673469
Specificity : 0.025
MCC : 0.04955202076568779

