Accuracy : 0.8389830508474576
Sensitivity : 0.9744897959183674
Specificity : 0.175
MCC : 0.25530242979814305

