Accuracy : 0.84375
Sensitivity : 0.8823529411764706
Specificity : 0.6923076923076923
MCC : 0.5457887026765409

